block_time,block_height,block_nonce,block_random
1522901487,1545098,2684357998,11314
1522901487,1545098,2684357998,11935
1522901487,1545098,2684357998,14423
1522901487,1545098,2684357998,16546
1522901487,1545098,2684357998,16865
1522901487,1545098,2684357998,17566
1522901487,1545098,2684357998,19975
1522901487,1545098,2684357998,24988
1522901487,1545098,2684357998,27186
1522901487,1545098,2684357998,27796
1522901487,1545098,2684357998,30751
1522901487,1545098,2684357998,3800
1522901487,1545098,2684357998,7071
1522901487,1545098,2684357998,8118
1523003051,1546000,570430823,10003
1523003051,1546000,570430823,10011
1523003051,1546000,570430823,10129
1523003051,1546000,570430823,10306
1523003051,1546000,570430823,10364
1523003051,1546000,570430823,10397
1523003051,1546000,570430823,10422
1523003051,1546000,570430823,10438
1523003051,1546000,570430823,10549
1523003051,1546000,570430823,1062
1523003051,1546000,570430823,10690
1523003051,1546000,570430823,10736
1523003051,1546000,570430823,10767
1523003051,1546000,570430823,10819
1523003051,1546000,570430823,10869
1523003051,1546000,570430823,10871
1523003051,1546000,570430823,10903
1523003051,1546000,570430823,10905
1523003051,1546000,570430823,10920
1523003051,1546000,570430823,10949
1523003051,1546000,570430823,10989
1523003051,1546000,570430823,11017
1523003051,1546000,570430823,11056
1523003051,1546000,570430823,11073
1523003051,1546000,570430823,11085
1523003051,1546000,570430823,11124
1523003051,1546000,570430823,11159
1523003051,1546000,570430823,11174
1523003051,1546000,570430823,11181
1523003051,1546000,570430823,11188
1523003051,1546000,570430823,11198
1523003051,1546000,570430823,11262
1523003051,1546000,570430823,11388
1523003051,1546000,570430823,11462
1523003051,1546000,570430823,11486
1523003051,1546000,570430823,11513
1523003051,1546000,570430823,11546
1523003051,1546000,570430823,1154
1523003051,1546000,570430823,11571
1523003051,1546000,570430823,11593
1523003051,1546000,570430823,11594
1523003051,1546000,570430823,11616
1523003051,1546000,570430823,11654
1523003051,1546000,570430823,11670
1523003051,1546000,570430823,11693
1523003051,1546000,570430823,11732
1523003051,1546000,570430823,11760
1523003051,1546000,570430823,11875
1523003051,1546000,570430823,11894
1523003051,1546000,570430823,11936
1523003051,1546000,570430823,1199
1523003051,1546000,570430823,12043
1523003051,1546000,570430823,12159
1523003051,1546000,570430823,12172
1523003051,1546000,570430823,12187
1523003051,1546000,570430823,12260
1523003051,1546000,570430823,12333
1523003051,1546000,570430823,12395
1523003051,1546000,570430823,12513
1523003051,1546000,570430823,12515
1523003051,1546000,570430823,12596
1523003051,1546000,570430823,12611
1523003051,1546000,570430823,12614
1523003051,1546000,570430823,12645
1523003051,1546000,570430823,12744
1523003051,1546000,570430823,12843
1523003051,1546000,570430823,12862
1523003051,1546000,570430823,12970
1523003051,1546000,570430823,12994
1523003051,1546000,570430823,12995
1523003051,1546000,570430823,13008
1523003051,1546000,570430823,13019
1523003051,1546000,570430823,13031
1523003051,1546000,570430823,13052
1523003051,1546000,570430823,13059
1523003051,1546000,570430823,13179
1523003051,1546000,570430823,1318
1523003051,1546000,570430823,13252
1523003051,1546000,570430823,13322
1523003051,1546000,570430823,13338
1523003051,1546000,570430823,13359
1523003051,1546000,570430823,13398
1523003051,1546000,570430823,13477
1523003051,1546000,570430823,1353
1523003051,1546000,570430823,13554
1523003051,1546000,570430823,13753
1523003051,1546000,570430823,13774
1523003051,1546000,570430823,13795
1523003051,1546000,570430823,13972
1523003051,1546000,570430823,13992
1523003051,1546000,570430823,14026
1523003051,1546000,570430823,14085
1523003051,1546000,570430823,14114
1523003051,1546000,570430823,14143
1523003051,1546000,570430823,14255
1523003051,1546000,570430823,14269
1523003051,1546000,570430823,14333
1523003051,1546000,570430823,1441
1523003051,1546000,570430823,14586
1523003051,1546000,570430823,14655
1523003051,1546000,570430823,14730
1523003051,1546000,570430823,1475
1523003051,1546000,570430823,1484
1523003051,1546000,570430823,1485
1523003051,1546000,570430823,14905
1523003051,1546000,570430823,14993
1523003051,1546000,570430823,149
1523003051,1546000,570430823,15061
1523003051,1546000,570430823,15089
1523003051,1546000,570430823,1528
1523003051,1546000,570430823,15299
1523003051,1546000,570430823,1531
1523003051,1546000,570430823,15351
1523003051,1546000,570430823,15364
1523003051,1546000,570430823,15397
1523003051,1546000,570430823,15432
1523003051,1546000,570430823,15477
1523003051,1546000,570430823,15578
1523003051,1546000,570430823,1559
1523003051,1546000,570430823,1567
1523003051,1546000,570430823,15697
1523003051,1546000,570430823,15740
1523003051,1546000,570430823,1575
1523003051,1546000,570430823,15763
1523003051,1546000,570430823,15870
1523003051,1546000,570430823,15881
1523003051,1546000,570430823,15934
1523003051,1546000,570430823,15970
1523003051,1546000,570430823,1605
1523003051,1546000,570430823,16060
1523003051,1546000,570430823,16100
1523003051,1546000,570430823,16172
1523003051,1546000,570430823,16191
1523003051,1546000,570430823,16223
1523003051,1546000,570430823,16279
1523003051,1546000,570430823,16327
1523003051,1546000,570430823,16350
1523003051,1546000,570430823,1639
1523003051,1546000,570430823,16438
1523003051,1546000,570430823,16497
1523003051,1546000,570430823,16560
1523003051,1546000,570430823,1663
1523003051,1546000,570430823,16675
1523003051,1546000,570430823,16680
1523003051,1546000,570430823,16714
1523003051,1546000,570430823,16740
1523003051,1546000,570430823,16747
1523003051,1546000,570430823,16815
1523003051,1546000,570430823,16850
1523003051,1546000,570430823,16919
1523003051,1546000,570430823,17036
1523003051,1546000,570430823,17093
1523003051,1546000,570430823,17107
1523003051,1546000,570430823,17121
1523003051,1546000,570430823,17153
1523003051,1546000,570430823,17175
1523003051,1546000,570430823,1718
1523003051,1546000,570430823,17238
1523003051,1546000,570430823,1734
1523003051,1546000,570430823,17371
1523003051,1546000,570430823,17439
1523003051,1546000,570430823,17487
1523003051,1546000,570430823,17514
1523003051,1546000,570430823,17519
1523003051,1546000,570430823,17583
1523003051,1546000,570430823,17584
1523003051,1546000,570430823,17606
1523003051,1546000,570430823,17607
1523003051,1546000,570430823,17637
1523003051,1546000,570430823,17669
1523003051,1546000,570430823,17673
1523003051,1546000,570430823,17688
1523003051,1546000,570430823,17747
1523003051,1546000,570430823,17865
1523003051,1546000,570430823,17913
1523003051,1546000,570430823,17940
1523003051,1546000,570430823,17970
1523003051,1546000,570430823,18003
1523003051,1546000,570430823,1800
1523003051,1546000,570430823,18147
1523003051,1546000,570430823,18180
1523003051,1546000,570430823,18214
1523003051,1546000,570430823,18270
1523003051,1546000,570430823,1828
1523003051,1546000,570430823,18355
1523003051,1546000,570430823,18375
1523003051,1546000,570430823,18417
1523003051,1546000,570430823,18515
1523003051,1546000,570430823,18545
1523003051,1546000,570430823,18755
1523003051,1546000,570430823,18757
1523003051,1546000,570430823,18774
1523003051,1546000,570430823,18871
1523003051,1546000,570430823,18913
1523003051,1546000,570430823,18929
1523003051,1546000,570430823,18935
1523003051,1546000,570430823,18947
1523003051,1546000,570430823,19007
1523003051,1546000,570430823,19198
1523003051,1546000,570430823,19216
1523003051,1546000,570430823,19237
1523003051,1546000,570430823,1929
1523003051,1546000,570430823,19385
1523003051,1546000,570430823,19426
1523003051,1546000,570430823,1954
1523003051,1546000,570430823,19570
1523003051,1546000,570430823,19578
1523003051,1546000,570430823,19633
1523003051,1546000,570430823,19680
1523003051,1546000,570430823,197
1523003051,1546000,570430823,19943
1523003051,1546000,570430823,20022
1523003051,1546000,570430823,20045
1523003051,1546000,570430823,20074
1523003051,1546000,570430823,20076
1523003051,1546000,570430823,20117
1523003051,1546000,570430823,20122
1523003051,1546000,570430823,20274
1523003051,1546000,570430823,20324
1523003051,1546000,570430823,20475
1523003051,1546000,570430823,20515
1523003051,1546000,570430823,20526
1523003051,1546000,570430823,20561
1523003051,1546000,570430823,20587
1523003051,1546000,570430823,20607
1523003051,1546000,570430823,20614
1523003051,1546000,570430823,20781
1523003051,1546000,570430823,20800
1523003051,1546000,570430823,20804
1523003051,1546000,570430823,20824
1523003051,1546000,570430823,20876
1523003051,1546000,570430823,20877
1523003051,1546000,570430823,20886
1523003051,1546000,570430823,20900
1523003051,1546000,570430823,20939
1523003051,1546000,570430823,20965
1523003051,1546000,570430823,20970
1523003051,1546000,570430823,21004
1523003051,1546000,570430823,21045
1523003051,1546000,570430823,21102
1523003051,1546000,570430823,21137
1523003051,1546000,570430823,21148
1523003051,1546000,570430823,21149
1523003051,1546000,570430823,21218
1523003051,1546000,570430823,21257
1523003051,1546000,570430823,21276
1523003051,1546000,570430823,21289
1523003051,1546000,570430823,21300
1523003051,1546000,570430823,21346
1523003051,1546000,570430823,21397
1523003051,1546000,570430823,21551
1523003051,1546000,570430823,2156
1523003051,1546000,570430823,21574
1523003051,1546000,570430823,21608
1523003051,1546000,570430823,21618
1523003051,1546000,570430823,21640
1523003051,1546000,570430823,21708
1523003051,1546000,570430823,21833
1523003051,1546000,570430823,21876
1523003051,1546000,570430823,21936
1523003051,1546000,570430823,22021
1523003051,1546000,570430823,22057
1523003051,1546000,570430823,22152
1523003051,1546000,570430823,22194
1523003051,1546000,570430823,22309
1523003051,1546000,570430823,22314
1523003051,1546000,570430823,22316
1523003051,1546000,570430823,22351
1523003051,1546000,570430823,22355
1523003051,1546000,570430823,22358
1523003051,1546000,570430823,22386
1523003051,1546000,570430823,22410
1523003051,1546000,570430823,22564
1523003051,1546000,570430823,22611
1523003051,1546000,570430823,22630
1523003051,1546000,570430823,22637
1523003051,1546000,570430823,2264
1523003051,1546000,570430823,22709
1523003051,1546000,570430823,22710
1523003051,1546000,570430823,22755
1523003051,1546000,570430823,22856
1523003051,1546000,570430823,22869
1523003051,1546000,570430823,22871
1523003051,1546000,570430823,22875
1523003051,1546000,570430823,22910
1523003051,1546000,570430823,22919
1523003051,1546000,570430823,22921
1523003051,1546000,570430823,22944
1523003051,1546000,570430823,22968
1523003051,1546000,570430823,23122
1523003051,1546000,570430823,23212
1523003051,1546000,570430823,23260
1523003051,1546000,570430823,2330
1523003051,1546000,570430823,2345
1523003051,1546000,570430823,23498
1523003051,1546000,570430823,23524
1523003051,1546000,570430823,23584
1523003051,1546000,570430823,23593
1523003051,1546000,570430823,23622
1523003051,1546000,570430823,23704
1523003051,1546000,570430823,23848
1523003051,1546000,570430823,23953
1523003051,1546000,570430823,2396
1523003051,1546000,570430823,24002
1523003051,1546000,570430823,24017
1523003051,1546000,570430823,24045
1523003051,1546000,570430823,24062
1523003051,1546000,570430823,24143
1523003051,1546000,570430823,2434
1523003051,1546000,570430823,24354
1523003051,1546000,570430823,24376
1523003051,1546000,570430823,24394
1523003051,1546000,570430823,2441
1523003051,1546000,570430823,2450
1523003051,1546000,570430823,24634
1523003051,1546000,570430823,24680
1523003051,1546000,570430823,24833
1523003051,1546000,570430823,24846
1523003051,1546000,570430823,24874
1523003051,1546000,570430823,24878
1523003051,1546000,570430823,24926
1523003051,1546000,570430823,25066
1523003051,1546000,570430823,25070
1523003051,1546000,570430823,25295
1523003051,1546000,570430823,25313
1523003051,1546000,570430823,25443
1523003051,1546000,570430823,25694
1523003051,1546000,570430823,25701
1523003051,1546000,570430823,25705
1523003051,1546000,570430823,2573
1523003051,1546000,570430823,25752
1523003051,1546000,570430823,25754
1523003051,1546000,570430823,2583
1523003051,1546000,570430823,25896
1523003051,1546000,570430823,25973
1523003051,1546000,570430823,25976
1523003051,1546000,570430823,26002
1523003051,1546000,570430823,2606
1523003051,1546000,570430823,2610
1523003051,1546000,570430823,26116
1523003051,1546000,570430823,26202
1523003051,1546000,570430823,26359
1523003051,1546000,570430823,26391
1523003051,1546000,570430823,26395
1523003051,1546000,570430823,26495
1523003051,1546000,570430823,26562
1523003051,1546000,570430823,26602
1523003051,1546000,570430823,26632
1523003051,1546000,570430823,26634
1523003051,1546000,570430823,26657
1523003051,1546000,570430823,26731
1523003051,1546000,570430823,26759
1523003051,1546000,570430823,26790
1523003051,1546000,570430823,26816
1523003051,1546000,570430823,26982
1523003051,1546000,570430823,26997
1523003051,1546000,570430823,27046
1523003051,1546000,570430823,27112
1523003051,1546000,570430823,2716
1523003051,1546000,570430823,27176
1523003051,1546000,570430823,2720
1523003051,1546000,570430823,27213
1523003051,1546000,570430823,27330
1523003051,1546000,570430823,27423
1523003051,1546000,570430823,27521
1523003051,1546000,570430823,27529
1523003051,1546000,570430823,27599
1523003051,1546000,570430823,27641
1523003051,1546000,570430823,27647
1523003051,1546000,570430823,27694
1523003051,1546000,570430823,27767
1523003051,1546000,570430823,27782
1523003051,1546000,570430823,27797
1523003051,1546000,570430823,27818
1523003051,1546000,570430823,27892
1523003051,1546000,570430823,27916
1523003051,1546000,570430823,27917
1523003051,1546000,570430823,27921
1523003051,1546000,570430823,27948
1523003051,1546000,570430823,27989
1523003051,1546000,570430823,28000
1523003051,1546000,570430823,28041
1523003051,1546000,570430823,28064
1523003051,1546000,570430823,28072
1523003051,1546000,570430823,28102
1523003051,1546000,570430823,28106
1523003051,1546000,570430823,28124
1523003051,1546000,570430823,28138
1523003051,1546000,570430823,28153
1523003051,1546000,570430823,28201
1523003051,1546000,570430823,28251
1523003051,1546000,570430823,28271
1523003051,1546000,570430823,28406
1523003051,1546000,570430823,28411
1523003051,1546000,570430823,28527
1523003051,1546000,570430823,28550
1523003051,1546000,570430823,28568
1523003051,1546000,570430823,28577
1523003051,1546000,570430823,2859
1523003051,1546000,570430823,28633
1523003051,1546000,570430823,28635
1523003051,1546000,570430823,2863
1523003051,1546000,570430823,28656
1523003051,1546000,570430823,28706
1523003051,1546000,570430823,28709
1523003051,1546000,570430823,28735
1523003051,1546000,570430823,28760
1523003051,1546000,570430823,28789
1523003051,1546000,570430823,2880
1523003051,1546000,570430823,28823
1523003051,1546000,570430823,28854
1523003051,1546000,570430823,28882
1523003051,1546000,570430823,28931
1523003051,1546000,570430823,28950
1523003051,1546000,570430823,28955
1523003051,1546000,570430823,29002
1523003051,1546000,570430823,29048
1523003051,1546000,570430823,29071
1523003051,1546000,570430823,29084
1523003051,1546000,570430823,29094
1523003051,1546000,570430823,29149
1523003051,1546000,570430823,29153
1523003051,1546000,570430823,29177
1523003051,1546000,570430823,29232
1523003051,1546000,570430823,29271
1523003051,1546000,570430823,29280
1523003051,1546000,570430823,29296
1523003051,1546000,570430823,29363
1523003051,1546000,570430823,29414
1523003051,1546000,570430823,29441
1523003051,1546000,570430823,29488
1523003051,1546000,570430823,29522
1523003051,1546000,570430823,29531
1523003051,1546000,570430823,29549
1523003051,1546000,570430823,29571
1523003051,1546000,570430823,2958
1523003051,1546000,570430823,29600
1523003051,1546000,570430823,29645
1523003051,1546000,570430823,2968
1523003051,1546000,570430823,29691
1523003051,1546000,570430823,29720
1523003051,1546000,570430823,29757
1523003051,1546000,570430823,29807
1523003051,1546000,570430823,29896
1523003051,1546000,570430823,29916
1523003051,1546000,570430823,2995
1523003051,1546000,570430823,29991
1523003051,1546000,570430823,30009
1523003051,1546000,570430823,30018
1523003051,1546000,570430823,30056
1523003051,1546000,570430823,30069
1523003051,1546000,570430823,30102
1523003051,1546000,570430823,30148
1523003051,1546000,570430823,30166
1523003051,1546000,570430823,30180
1523003051,1546000,570430823,30249
1523003051,1546000,570430823,30282
1523003051,1546000,570430823,30324
1523003051,1546000,570430823,30331
1523003051,1546000,570430823,30339
1523003051,1546000,570430823,30350
1523003051,1546000,570430823,3049
1523003051,1546000,570430823,30525
1523003051,1546000,570430823,3072
1523003051,1546000,570430823,30820
1523003051,1546000,570430823,30838
1523003051,1546000,570430823,30844
1523003051,1546000,570430823,30870
1523003051,1546000,570430823,30880
1523003051,1546000,570430823,30913
1523003051,1546000,570430823,30953
1523003051,1546000,570430823,31096
1523003051,1546000,570430823,31114
1523003051,1546000,570430823,31124
1523003051,1546000,570430823,31227
1523003051,1546000,570430823,31229
1523003051,1546000,570430823,31259
1523003051,1546000,570430823,31313
1523003051,1546000,570430823,31316
1523003051,1546000,570430823,31318
1523003051,1546000,570430823,31346
1523003051,1546000,570430823,31468
1523003051,1546000,570430823,31536
1523003051,1546000,570430823,31537
1523003051,1546000,570430823,31666
1523003051,1546000,570430823,31698
1523003051,1546000,570430823,31717
1523003051,1546000,570430823,31774
1523003051,1546000,570430823,31811
1523003051,1546000,570430823,31866
1523003051,1546000,570430823,31911
1523003051,1546000,570430823,32206
1523003051,1546000,570430823,32310
1523003051,1546000,570430823,32386
1523003051,1546000,570430823,3242
1523003051,1546000,570430823,32526
1523003051,1546000,570430823,32552
1523003051,1546000,570430823,32632
1523003051,1546000,570430823,32708
1523003051,1546000,570430823,32722
1523003051,1546000,570430823,32755
1523003051,1546000,570430823,3401
1523003051,1546000,570430823,3408
1523003051,1546000,570430823,344
1523003051,1546000,570430823,3472
1523003051,1546000,570430823,3604
1523003051,1546000,570430823,3639
1523003051,1546000,570430823,3660
1523003051,1546000,570430823,3662
1523003051,1546000,570430823,3736
1523003051,1546000,570430823,3799
1523003051,1546000,570430823,3801
1523003051,1546000,570430823,3878
1523003051,1546000,570430823,3883
1523003051,1546000,570430823,390
1523003051,1546000,570430823,3959
1523003051,1546000,570430823,400
1523003051,1546000,570430823,4027
1523003051,1546000,570430823,4047
1523003051,1546000,570430823,4050
1523003051,1546000,570430823,409
1523003051,1546000,570430823,4110
1523003051,1546000,570430823,4132
1523003051,1546000,570430823,4340
1523003051,1546000,570430823,4360
1523003051,1546000,570430823,4386
1523003051,1546000,570430823,4479
1523003051,1546000,570430823,4548
1523003051,1546000,570430823,4559
1523003051,1546000,570430823,4624
1523003051,1546000,570430823,4644
1523003051,1546000,570430823,4669
1523003051,1546000,570430823,4743
1523003051,1546000,570430823,4850
1523003051,1546000,570430823,4869
1523003051,1546000,570430823,4964
1523003051,1546000,570430823,496
1523003051,1546000,570430823,5030
1523003051,1546000,570430823,503
1523003051,1546000,570430823,5049
1523003051,1546000,570430823,5077
1523003051,1546000,570430823,5082
1523003051,1546000,570430823,5084
1523003051,1546000,570430823,5177
1523003051,1546000,570430823,5212
1523003051,1546000,570430823,5226
1523003051,1546000,570430823,5251
1523003051,1546000,570430823,5341
1523003051,1546000,570430823,5447
1523003051,1546000,570430823,5496
1523003051,1546000,570430823,5543
1523003051,1546000,570430823,5546
1523003051,1546000,570430823,5555
1523003051,1546000,570430823,5593
1523003051,1546000,570430823,5597
1523003051,1546000,570430823,5688
1523003051,1546000,570430823,5797
1523003051,1546000,570430823,582
1523003051,1546000,570430823,5882
1523003051,1546000,570430823,5901
1523003051,1546000,570430823,5945
1523003051,1546000,570430823,5970
1523003051,1546000,570430823,5982
1523003051,1546000,570430823,6027
1523003051,1546000,570430823,608
1523003051,1546000,570430823,6136
1523003051,1546000,570430823,6144
1523003051,1546000,570430823,6165
1523003051,1546000,570430823,6227
1523003051,1546000,570430823,6308
1523003051,1546000,570430823,632
1523003051,1546000,570430823,6374
1523003051,1546000,570430823,6386
1523003051,1546000,570430823,6460
1523003051,1546000,570430823,6525
1523003051,1546000,570430823,6618
1523003051,1546000,570430823,6650
1523003051,1546000,570430823,6675
1523003051,1546000,570430823,6781
1523003051,1546000,570430823,6881
1523003051,1546000,570430823,7102
1523003051,1546000,570430823,715
1523003051,1546000,570430823,7192
1523003051,1546000,570430823,7409
1523003051,1546000,570430823,7453
1523003051,1546000,570430823,7496
1523003051,1546000,570430823,75
1523003051,1546000,570430823,7656
1523003051,1546000,570430823,7813
1523003051,1546000,570430823,7919
1523003051,1546000,570430823,7942
1523003051,1546000,570430823,8012
1523003051,1546000,570430823,8035
1523003051,1546000,570430823,8043
1523003051,1546000,570430823,8244
1523003051,1546000,570430823,8262
1523003051,1546000,570430823,8292
1523003051,1546000,570430823,829
1523003051,1546000,570430823,8369
1523003051,1546000,570430823,8373
1523003051,1546000,570430823,8385
1523003051,1546000,570430823,8401
1523003051,1546000,570430823,8402
1523003051,1546000,570430823,8495
1523003051,1546000,570430823,8543
1523003051,1546000,570430823,8546
1523003051,1546000,570430823,8597
1523003051,1546000,570430823,8622
1523003051,1546000,570430823,8665
1523003051,1546000,570430823,8672
1523003051,1546000,570430823,8740
1523003051,1546000,570430823,8756
1523003051,1546000,570430823,8796
1523003051,1546000,570430823,8881
1523003051,1546000,570430823,8950
1523003051,1546000,570430823,9039
1523003051,1546000,570430823,9056
1523003051,1546000,570430823,9147
1523003051,1546000,570430823,9428
1523003051,1546000,570430823,9483
1523003051,1546000,570430823,9484
1523003051,1546000,570430823,9523
1523003051,1546000,570430823,9551
1523003051,1546000,570430823,9612
1523003051,1546000,570430823,9640
1523003051,1546000,570430823,9694
1523003051,1546000,570430823,9751
1523003051,1546000,570430823,9752
1523003051,1546000,570430823,9753
1523003051,1546000,570430823,97
1523003051,1546000,570430823,9883
1523003051,1546000,570430823,9896
1523003051,1546000,570430823,9916
1523003051,1546000,570430823,9998
1523337099,1547963,2139397,31505
1523337099,1547963,2139397,32214
1525032170,1562061,3579158795,186
1525032170,1562061,3579158795,21550
1525032170,1562061,3579158795,28314
1525032170,1562061,3579158795,3494
1525032170,1562061,3579158795,5611
1525032261,1562062,2970728396,1398
1525032261,1562062,2970728396,21743
1525032261,1562062,2970728396,28902
1525032261,1562062,2970728396,3856
1525032261,1562062,2970728396,5865
1525219207,1563626,668103,14233
1525470502,1565690,589661,15807
1525470502,1565690,589661,17715
1525470502,1565690,589661,19496
1525470502,1565690,589661,20342
1525470502,1565690,589661,594
1525470502,1565690,589661,919
1525470534,1565691,358009781,1430
1525470534,1565691,358009781,1501
1525470534,1565691,358009781,16967
1525470534,1565691,358009781,18427
1525470534,1565691,358009781,19650
1525470534,1565691,358009781,22389
1525470959,1565692,2863312291,17976
1525470959,1565692,2863312291,18988
1525470959,1565692,2863312291,19856
1525470959,1565692,2863312291,2082
1525470959,1565692,2863312291,2250
1525470959,1565692,2863312291,23532
1525472810,1565693,1073825901,19112
1525472810,1565693,1073825901,19700
1525472810,1565693,1073825901,20058
1525472810,1565693,1073825901,25727
1525472810,1565693,1073825901,2856
1525472810,1565693,1073825901,3765
1525473108,1565694,20355,20229
1525473108,1565694,20355,20260
1525473108,1565694,20355,20566
1525473108,1565694,20355,27794
1525473108,1565694,20355,3529
1525473108,1565694,20355,5104
1525474474,1565695,4715644,20770
1525474474,1565695,4715644,21382
1525474474,1565695,4715644,21476
1525474474,1565695,4715644,30455
1525474474,1565695,4715644,4143
1525474474,1565695,4715644,6456
1525474913,1565696,249376,20976
1525474913,1565696,249376,22247
1525474913,1565696,249376,22485
1525474913,1565696,249376,32402
1525474913,1565696,249376,4802
1525474913,1565696,249376,7792
1525474950,1565697,2668814428,21178
1525474950,1565697,2668814428,218
1525474950,1565697,2668814428,22802
1525474950,1565697,2668814428,22858
1525474950,1565697,2668814428,5367
1525474950,1565697,2668814428,8197
1525475035,1565698,3095369266,1541
1525475035,1565698,3095369266,21384
1525475035,1565698,3095369266,23420
1525475035,1565698,3095369266,23566
1525475035,1565698,3095369266,6079
1525475035,1565698,3095369266,8879
1525477756,1565699,693214,10163
1525477756,1565699,693214,21639
1525477756,1565699,693214,23978
1525477756,1565699,693214,25095
1525477756,1565699,693214,3618
1525477756,1565699,693214,6833
1525477957,1565700,84006145,11048
1525477957,1565700,84006145,21841
1525477957,1565700,84006145,24540
1525477957,1565700,84006145,25797
1525477957,1565700,84006145,5192
1525477957,1565700,84006145,7310
1525478266,1565701,5596918,12439
1525478266,1565701,5596918,22403
1525478266,1565701,5596918,25405
1525478266,1565701,5596918,27185
1525478266,1565701,5596918,8013
1525478266,1565701,5596918,8107
1525478894,1565702,49559,13036
1525478894,1565702,49559,22605
1525478894,1565702,49559,25813
1525478894,1565702,49559,27890
1525478894,1565702,49559,8548
1525478894,1565702,49559,8937
1525480602,1565703,107129,10776
1525480602,1565703,107129,14313
1525480602,1565703,107129,22808
1525480602,1565703,107129,26525
1525480602,1565703,107129,28941
1525480602,1565703,107129,9874
1525481895,1565704,1137524592,10762
1525481895,1565704,1137524592,13568
1525481895,1565704,1137524592,15384
1525481895,1565704,1137524592,23013
1525481895,1565704,1137524592,29024
1525481895,1565704,1137524592,30666
1525482459,1565705,3221236422,11745
1525482459,1565705,3221236422,15485
1525482459,1565705,3221236422,16632
1525482459,1565705,3221236422,23317
1525482459,1565705,3221236422,29990
1525482459,1565705,3221236422,31717
1525484107,1565706,2391796,1003
1525484107,1565706,2391796,12738
1525484107,1565706,2391796,17304
1525484107,1565706,2391796,17814
1525484107,1565706,2391796,24186
1525484107,1565706,2391796,31825
1525485109,1565707,747636509,13218
1525485109,1565707,747636509,1395
1525485109,1565707,747636509,18120
1525485109,1565707,747636509,18333
1525485109,1565707,747636509,24542
1525485109,1565707,747636509,32234
1525492133,1565708,3278710783,14344
1525492133,1565708,3278710783,19685
1525492133,1565708,3278710783,19926
1525492133,1565708,3278710783,25355
1525492133,1565708,3278710783,2695
1525492133,1565708,3278710783,32743
1525493147,1565709,332472,15272
1525493147,1565709,332472,20942
1525493147,1565709,332472,22293
1525493147,1565709,332472,25916
1525493147,1565709,332472,3848
1525493147,1565709,332472,739
1525493167,1565710,1621111211,19525
1525493167,1565710,1621111211,25856
1525493167,1565710,1621111211,29992
1525493167,1565710,1621111211,30215
1525493167,1565710,1621111211,4040
1525493167,1565710,1621111211,5273
1525495299,1565711,3993779565,21553
1525495299,1565711,3993779565,26777
1525495299,1565711,3993779565,30603
1525495299,1565711,3993779565,31322
1525495299,1565711,3993779565,4804
1525495299,1565711,3993779565,6249
1525505106,1565712,3817,24006
1525505106,1565712,3817,28152
1525505106,1565712,3817,31112
1525505106,1565712,3817,370
1525505106,1565712,3817,5568
1525505106,1565712,3817,7190
1525508979,1565713,4229803,25436
1525508979,1565713,4229803,2685
1525508979,1565713,4229803,30137
1525508979,1565713,4229803,31572
1525508979,1565713,4229803,6436
1525508979,1565713,4229803,8071
1525509004,1565714,6353794,27718
1525509004,1565714,6353794,31342
1525509004,1565714,6353794,32232
1525509004,1565714,6353794,3884
1525509004,1565714,6353794,7201
1525509004,1565714,6353794,9453
1525524046,1565715,739928,12326
1525524046,1565715,739928,26
1525536047,1565716,579593,1146
1525536047,1565716,579593,13211
1525565080,1565717,4201313,13968
1525565080,1565717,4201313,1606
1525568419,1566500,2863317911,11166
1525568419,1566500,2863317911,24478
1525568419,1566500,2863317911,7249
1525568419,1566500,2863317911,884
1525568512,1566501,58602248,11371
1525568512,1566501,58602248,1377
1525568512,1566501,58602248,24906
1525568512,1566501,58602248,7811
1525569190,1565718,577729,16349
1525569190,1565718,577729,2318
1525585255,1565719,8423247,17341
1525585255,1565719,8423247,2981
1525589140,1565720,10562068,18066
1525589140,1565720,10562068,3899
1525608636,1565721,8424674,18749
1525608636,1565721,8424674,4663
1525619146,1566908,203398,20084
1525619146,1566908,203398,21914
1525619160,1566909,557052,20375
1525619160,1566909,557052,22221
1525619583,1566910,535495008,21328
1525619583,1566910,535495008,23390
1525683513,1565722,200497,19533
1525683513,1565722,200497,5528
1525692706,1565723,172039,20343
1525692706,1565723,172039,6087
1525692822,1565724,8391879,21214
1525692822,1565724,8391879,6596
1525700338,1565725,794999,22054
1525701152,1565726,2163138,22615
1525707746,1565727,654401,23458
1525741526,1565728,16991,24323
1525776480,1565729,33,25293
1525815442,1568536,2147483843,11062
1525815442,1568536,2147483843,7263
1525816319,1568537,2164284936,11624
1525816319,1568537,2164284936,9150
1525816337,1568538,115226,10104
1525816337,1568538,115226,12235
1525820736,1568539,4203375860,11462
1525820736,1568539,4203375860,12793
1525820813,1568540,2234705,12707
1525820813,1568540,2234705,13407
1525821446,1568541,173707,14220
1525821446,1568541,173707,14388
1525822112,1568542,3922601008,15036
1525822112,1568542,3922601008,15953
1525822572,1568543,3288303774,15850
1525822572,1568543,3288303774,17367
1525828297,1568544,1078,16310
1525828297,1568544,1078,19208
1525830395,1568545,577012397,16868
1525830395,1568545,577012397,20603
1525834222,1568546,2503524430,17584
1525834222,1568546,2503524430,22105
1525838401,1565730,598023,26149
1525838942,1568547,703976536,24120
1525855362,1565731,46183,26766
1525859322,1565732,28833,27703
1525882872,1565733,56614,28813
1525939405,1565734,592130,29480
1525948631,1565735,8439343,28287
1525969150,1565736,10520215,29198
1525970216,1565737,3579161836,29890
1525987610,1565738,8433143,30576
1525989800,1565739,330099,31523
1526007544,1565740,1610614989,32362
1526016162,1565741,590395,348
1526074817,1565742,8411088,1286
1526085201,1565743,25615,2014
1526142033,1565744,65244,2784
1526190404,1565745,2118866,3529
1526229651,1565746,6294122,4260
1526236423,1565747,8452986,5198
1526242956,1565748,29839,5887
1526293093,1565749,49885,6736
1526306973,1565750,4243356,7768
1526310162,1565751,2863311594,8633
1526336908,1565752,8402379,9561
1526368391,1565753,10540995,10592
1526374077,1565754,590570,11419
1526403265,1565755,54512,4281
1526422401,1565756,2098882,5342
1526423343,1565757,2111992,5943
1526426835,1565758,8396241,6600
1526429372,1565759,6337740,7311
1526536184,1574526,15513,10293
1526536184,1574526,15513,27869
1526536184,1574526,15513,28089
1526536184,1574526,15513,3784
1526536184,1574526,15513,4498
1526536184,1574526,15513,9481
1526536988,1574527,526906,10102
1526536988,1574527,526906,12128
1526536988,1574527,526906,29724
1526536988,1574527,526906,4232
1526536988,1574527,526906,5690
1526536988,1574527,526906,7554
1526537291,1574528,494433,10882
1526537291,1574528,494433,13700
1526537291,1574528,494433,13706
1526537291,1574528,494433,31461
1526537291,1574528,494433,4610
1526537291,1574528,494433,6732
1526537689,1574529,144440,1100
1526537689,1574529,144440,11630
1526537689,1574529,144440,15541
1526537689,1574529,144440,23095
1526537689,1574529,144440,5077
1526537689,1574529,144440,7878
1526537715,1574530,90604,12407
1526537715,1574530,90604,17477
1526537715,1574530,90604,26772
1526537715,1574530,90604,2706
1526537715,1574530,90604,5473
1526537715,1574530,90604,8979
1526542602,1574531,3776400859,13230
1526542602,1574531,3776400859,19309
1526542602,1574531,3776400859,29508
1526542602,1574531,3776400859,4480
1526542602,1574531,3776400859,6037
1526542602,1574531,3776400859,9841
1526550281,1574532,5942657,11013
1526550281,1574532,5942657,13730
1526550281,1574532,5942657,21092
1526550281,1574532,5942657,32232
1526550281,1574532,5942657,6076
1526550281,1574532,5942657,6354
1526556889,1574533,6774238,14383
1526556889,1574533,6774238,25654
1526556889,1574533,6774238,6749
1526556889,1574533,6774238,7656
1527059325,1578847,14876,14976
1527059325,1578847,14876,2672
1527059325,1578847,14876,28856
1527059325,1578847,14876,30429
1527059325,1578847,14876,31366
1527059325,1578847,14876,31932
1527059325,1578847,14876,3784
1527059325,1578847,14876,5741
1527059325,1578847,14876,8302
1527059577,1578848,365533,15332
1527059577,1578848,365533,29571
1527059577,1578848,365533,31787
1527059577,1578848,365533,31997
1527059577,1578848,365533,32128
1527059577,1578848,365533,3374
1527059577,1578848,365533,4346
1527059577,1578848,365533,6537
1527059577,1578848,365533,8929
1527059606,1578849,69297,15691
1527059606,1578849,69297,29898
1527059606,1578849,69297,32061
1527059606,1578849,69297,32304
1527059606,1578849,69297,32405
1527059606,1578849,69297,3799
1527059606,1578849,69297,4803
1527059606,1578849,69297,6818
1527059606,1578849,69297,9203
1527059980,1578850,1610639790,10019
1527059980,1578850,1610639790,15946
1527059980,1578850,1610639790,1622
1527059980,1578850,1610639790,250
1527059980,1578850,1610639790,30734
1527059980,1578850,1610639790,32500
1527059980,1578850,1610639790,4948
1527059980,1578850,1610639790,5417
1527059980,1578850,1610639790,7504
1527060043,1578851,28319,10349
1527060043,1578851,28319,16148
1527060043,1578851,28319,1929
1527060043,1578851,28319,31011
1527060043,1578851,28319,32676
1527060043,1578851,28319,5363
1527060043,1578851,28319,5721
1527060043,1578851,28319,642
1527060043,1578851,28319,7697
1527060238,1578852,270,11045
1527060238,1578852,270,1311
1527060238,1578852,270,144
1527060238,1578852,270,16403
1527060238,1578852,270,31691
1527060238,1578852,270,3278
1527060238,1578852,270,6310
1527060238,1578852,270,6485
1527060238,1578852,270,8242
1527060383,1578853,255589,11554
1527060383,1578853,255589,16605
1527060383,1578853,255589,1827
1527060383,1578853,255589,32563
1527060383,1578853,255589,343
1527060383,1578853,255589,3931
1527060383,1578853,255589,7046
1527060383,1578853,255589,7090
1527060383,1578853,255589,8774
1527060647,1578854,13156,12305
1527060647,1578854,13156,16965
1527060647,1578854,13156,2611
1527060647,1578854,13156,444
1527060647,1578854,13156,5169
1527060647,1578854,13156,548
1527060647,1578854,13156,7657
1527060647,1578854,13156,7887
1527060647,1578854,13156,9516
1527060668,1578855,40967,12550
1527060668,1578855,40967,17115
1527060668,1578855,40967,2996
1527060668,1578855,40967,5469
1527060668,1578855,40967,709
1527060668,1578855,40967,728
1527060668,1578855,40967,8114
1527060668,1578855,40967,8390
1527060668,1578855,40967,9738
1527061709,1578856,2742310311,10505
1527061709,1578856,2742310311,13422
1527061709,1578856,2742310311,1418
1527061709,1578856,2742310311,17624
1527061709,1578856,2742310311,3555
1527061709,1578856,2742310311,7429
1527061709,1578856,2742310311,9032
1527061709,1578856,2742310311,9383
1527061709,1578856,2742310311,970
1527062514,1578857,2160010,10340
1527062514,1578857,2160010,11322
1527062514,1578857,2160010,1257
1527062514,1578857,2160010,14193
1527062514,1578857,2160010,17984
1527062514,1578857,2160010,1845
1527062514,1578857,2160010,3966
1527062514,1578857,2160010,9084
1527062514,1578857,2160010,9747
1527063439,1578858,10534029,10815
1527063439,1578858,10534029,11129
1527063439,1578858,10534029,11522
1527063439,1578858,10534029,12226
1527063439,1578858,10534029,15045
1527063439,1578858,10534029,1662
1527063439,1578858,10534029,18339
1527063439,1578858,10534029,2410
1527063439,1578858,10534029,5002
1527063635,1578859,19205,11579
1527063635,1578859,19205,12781
1527063635,1578859,19205,12818
1527063635,1578859,19205,12866
1527063635,1578859,19205,15979
1527063635,1578859,19205,18950
1527063635,1578859,19205,2149
1527063635,1578859,19205,3103
1527063635,1578859,19205,6138
1527066273,1578860,25780,12395
1527066273,1578860,25780,13823
1527066273,1578860,25780,13886
1527066273,1578860,25780,14466
1527066273,1578860,25780,17073
1527066273,1578860,25780,19358
1527066273,1578860,25780,2854
1527066273,1578860,25780,3880
1527066273,1578860,25780,7265
1527067511,1578861,49947,13414
1527067511,1578861,49947,14676
1527067511,1578861,49947,14744
1527067511,1578861,49947,16468
1527067511,1578861,49947,18160
1527067511,1578861,49947,19868
1527067511,1578861,49947,3628
1527067511,1578861,49947,4912
1527067511,1578861,49947,8199
1527068337,1578862,27891,14126
1527068337,1578862,27891,15586
1527068337,1578862,27891,15783
1527068337,1578862,27891,18012
1527068337,1578862,27891,19091
1527068337,1578862,27891,20122
1527068337,1578862,27891,4340
1527068337,1578862,27891,5673
1527068337,1578862,27891,8953
1527069667,1578863,2337900,14943
1527069667,1578863,2337900,16743
1527069667,1578863,2337900,17827
1527069667,1578863,2337900,19721
1527069667,1578863,2337900,19942
1527069667,1578863,2337900,21396
1527069667,1578863,2337900,5120
1527069667,1578863,2337900,6747
1527069667,1578863,2337900,9759
1527070522,1578864,3681401054,10471
1527070522,1578864,3681401054,15655
1527070522,1578864,3681401054,17543
1527070522,1578864,3681401054,20217
1527070522,1578864,3681401054,20495
1527070522,1578864,3681401054,21082
1527070522,1578864,3681401054,23891
1527070522,1578864,3681401054,5786
1527070522,1578864,3681401054,7449
1527070647,1578865,3656623439,11177
1527070647,1578865,3656623439,16164
1527070647,1578865,3656623439,18360
1527070647,1578865,3656623439,20753
1527070647,1578865,3656623439,21073
1527070647,1578865,3656623439,22398
1527070647,1578865,3656623439,24146
1527070647,1578865,3656623439,6276
1527070647,1578865,3656623439,8079
1527077190,1578866,260647244,12088
1527077190,1578866,260647244,19320
1527077190,1578866,260647244,21296
1527077190,1578866,260647244,21582
1527077190,1578866,260647244,21650
1527077190,1578866,260647244,29795
1527221356,1580196,286277,15126
1527221356,1580196,286277,1820
1527221356,1580196,286277,18351
1527221356,1580196,286277,18585
1527221356,1580196,286277,21401
1527221356,1580196,286277,22562
1527221356,1580196,286277,24137
1527221356,1580196,286277,24827
1527221356,1580196,286277,25830
1527223301,1580197,3233033938,16768
1527223301,1580197,3233033938,18830
1527223301,1580197,3233033938,19047
1527223301,1580197,3233033938,22348
1527223301,1580197,3233033938,23173
1527223301,1580197,3233033938,25165
1527223301,1580197,3233033938,26310
1527223301,1580197,3233033938,26715
1527223301,1580197,3233033938,3025
1527223807,1580198,496680,18466
1527223807,1580198,496680,19143
1527223807,1580198,496680,19674
1527223807,1580198,496680,23504
1527223807,1580198,496680,24244
1527223807,1580198,496680,25985
1527223807,1580198,496680,27041
1527223807,1580198,496680,28292
1527223807,1580198,496680,3780
1527224647,1580199,3355652190,19560
1527224647,1580199,3355652190,19623
1527224647,1580199,3355652190,20444
1527224647,1580199,3355652190,24369
1527224647,1580199,3355652190,25057
1527224647,1580199,3355652190,26860
1527224647,1580199,3355652190,27776
1527224647,1580199,3355652190,30075
1527224647,1580199,3355652190,4645
1527224903,1580200,715882549,20237
1527224903,1580200,715882549,20641
1527224903,1580200,715882549,21159
1527224903,1580200,715882549,25156
1527224903,1580200,715882549,25821
1527224903,1580200,715882549,27983
1527224903,1580200,715882549,28697
1527224903,1580200,715882549,31656
1527224903,1580200,715882549,5396
1527226662,1580201,1476292,21082
1527226662,1580201,1476292,21256
1527226662,1580201,1476292,21822
1527226662,1580201,1476292,26044
1527226662,1580201,1476292,26638
1527226662,1580201,1476292,28963
1527226662,1580201,1476292,29481
1527226662,1580201,1476292,465
1527226662,1580201,1476292,6327
1527227106,1580202,536886062,21853
1527227106,1580202,536886062,22020
1527227106,1580202,536886062,22276
1527227106,1580202,536886062,2402
1527227106,1580202,536886062,26871
1527227106,1580202,536886062,27503
1527227106,1580202,536886062,29789
1527227106,1580202,536886062,30199
1527227106,1580202,536886062,7176
1527227408,1580203,815562885,22680
1527227408,1580203,815562885,23040
1527227408,1580203,815562885,23097
1527227408,1580203,815562885,28219
1527227408,1580203,815562885,28421
1527227408,1580203,815562885,30952
1527227408,1580203,815562885,31166
1527227408,1580203,815562885,4136
1527227408,1580203,815562885,8342
1527228149,1580204,5605764,23415
1527228149,1580204,5605764,23674
1527228149,1580204,5605764,24338
1527228149,1580204,5605764,29042
1527228149,1580204,5605764,29286
1527228149,1580204,5605764,31749
1527228149,1580204,5605764,31884
1527228149,1580204,5605764,5510
1527228149,1580204,5605764,9181
1527230636,1580205,3221233707,24369
1527230636,1580205,3221233707,24956
1527230636,1580205,3221233707,25987
1527230636,1580205,3221233707,29957
1527230636,1580205,3221233707,30204
1527230636,1580205,3221233707,32637
1527230636,1580205,3221233707,50
1527230636,1580205,3221233707,7088
1527230636,1580205,3221233707,9889
1527230740,1580206,16490,10598
1527230740,1580206,16490,25036
1527230740,1580206,16490,25900
1527230740,1580206,16490,27375
1527230740,1580206,16490,30695
1527230740,1580206,16490,31324
1527230740,1580206,16490,607
1527230740,1580206,16490,8769
1527230740,1580206,16490,896
1527231592,1580207,3711381363,11147
1527231592,1580207,3711381363,1188
1527231592,1580207,3711381363,1791
1527231592,1580207,3711381363,25310
1527231592,1580207,3711381363,26337
1527231592,1580207,3711381363,28008
1527231592,1580207,3711381363,31145
1527231592,1580207,3711381363,31987
1527231592,1580207,3711381363,9485
1527233198,1580208,2863319527,11268
1527233198,1580208,2863319527,12139
1527233198,1580208,2863319527,2315
1527233198,1580208,2863319527,26312
1527233198,1580208,2863319527,27425
1527233198,1580208,2863319527,2800
1527233198,1580208,2863319527,29631
1527233198,1580208,2863319527,32213
1527234424,1580209,12588886,12437
1527234424,1580209,12588886,12783
1527234424,1580209,12588886,26949
1527234424,1580209,12588886,28182
1527234424,1580209,12588886,30797
1527234424,1580209,12588886,3495
1527234424,1580209,12588886,3654
1527234424,1580209,12588886,39
1527234899,1580210,51761,13400
1527234899,1580210,51761,13661
1527234899,1580210,51761,27482
1527234899,1580210,51761,29142
1527234899,1580210,51761,32097
1527234899,1580210,51761,4260
1527234899,1580210,51761,4513
1527234899,1580210,51761,673
1527235998,1580211,2130714381,1391
1527235998,1580211,2130714381,14161
1527235998,1580211,2130714381,15190
1527235998,1580211,2130714381,28321
1527235998,1580211,2130714381,30563
1527235998,1580211,2130714381,5184
1527235998,1580211,2130714381,6198
1527235998,1580211,2130714381,710
1527236751,1580212,106912,14856
1527236751,1580212,106912,16310
1527236751,1580212,106912,1771
1527236751,1580212,106912,2129
1527236751,1580212,106912,28830
1527236751,1580212,106912,31415
1527236751,1580212,106912,6082
1527236751,1580212,106912,6978
1527237082,1580213,2399143185,15516
1527237082,1580213,2399143185,17227
1527237082,1580213,2399143185,2673
1527237082,1580213,2399143185,2776
1527237082,1580213,2399143185,29330
1527237082,1580213,2399143185,32189
1527237082,1580213,2399143185,7091
1527237082,1580213,2399143185,7602
1527237114,1580214,1631942127,19164
1527237114,1580214,1631942127,30535
1527237114,1580214,1631942127,3792
1527237114,1580214,1631942127,4162
1527237114,1580214,1631942127,561
1527237114,1580214,1631942127,8250
1527237114,1580214,1631942127,8866
1527237114,1580214,1631942127,9715
1527240200,1580215,50284005,11024
1527240200,1580215,50284005,1717
1527240200,1580215,50284005,20588
1527240200,1580215,50284005,31146
1527240200,1580215,50284005,4647
1527240200,1580215,50284005,5579
1527240200,1580215,50284005,9413
1527240200,1580215,50284005,9878
1527241369,1580216,3092,1180
1527241369,1580216,3092,11827
1527241369,1580216,3092,13460
1527241369,1580216,3092,8391
1527242344,1580217,2592748530,14848
1527242344,1580217,2592748530,17454
1527242344,1580217,2592748530,2104
1527242344,1580217,2592748530,9279
1527249187,1580218,196339,10559
1527249187,1580218,196339,16325
1527249187,1580218,196339,18450
1527250762,1580219,1294095792,11738
1527250762,1580219,1294095792,20805
1527250762,1580219,1294095792,22448
1527251475,1580220,2053313856,21830
1527251475,1580220,2053313856,22308
1527251475,1580220,2053313856,24433
1527259665,1580221,1191572525,23111
1527262390,1580222,1353983436,23725
1527263693,1580223,2178700886,24270
1527268770,1580224,1509462744,25087
1527279497,1580225,2475716723,25573
1527280933,1580226,3519547301,26350
1527422945,1581881,8460,11386
1527422945,1581881,8460,13319
1527422945,1581881,8460,13941
1527422945,1581881,8460,14035
1527422945,1581881,8460,28420
1527422945,1581881,8460,31289
1527423950,1581882,12589837,12924
1527423950,1581882,12589837,14426
1527423950,1581882,12589837,14653
1527423950,1581882,12589837,14966
1527423950,1581882,12589837,29876
1527423950,1581882,12589837,31808
1527425254,1581883,671100607,14560
1527425254,1581883,671100607,15417
1527425254,1581883,671100607,15830
1527425254,1581883,671100607,15929
1527425254,1581883,671100607,31052
1527425254,1581883,671100607,32432
1527449129,1581884,397267,154
1527449129,1581884,397267,16129
1527449129,1581884,397267,16631
1527449129,1581884,397267,16847
1527449129,1581884,397267,32276
1527450105,1581885,4201279,16844
1527450105,1581885,4201279,17869
1527450105,1581885,4201279,17982
1527450105,1581885,4201279,493
1527450105,1581885,4201279,899
1527589214,1583266,1193427,11470
1527589214,1583266,1193427,14638
1527589214,1583266,1193427,15437
1527589214,1583266,1193427,18307
1527589214,1583266,1193427,18484
1527589214,1583266,1193427,26598
1527589214,1583266,1193427,29061
1527589214,1583266,1193427,9252
1527589283,1583267,37930,10046
1527589283,1583267,37930,11980
1527589283,1583267,37930,15637
1527589283,1583267,37930,16002
1527589283,1583267,37930,18951
1527589283,1583267,37930,19470
1527589283,1583267,37930,27267
1527589283,1583267,37930,29577
1527591040,1583268,2863319341,10849
1527591040,1583268,2863319341,12691
1527591040,1583268,2863319341,16404
1527591040,1583268,2863319341,17067
1527591040,1583268,2863319341,19457
1527591040,1583268,2863319341,20453
1527591040,1583268,2863319341,28443
1527591040,1583268,2863319341,30279
1527592068,1583269,18671,11819
1527592068,1583269,18671,13302
1527592068,1583269,18671,16799
1527592068,1583269,18671,18269
1527592068,1583269,18671,20156
1527592068,1583269,18671,21338
1527592068,1583269,18671,29439
1527592068,1583269,18671,30736
1527598546,1583270,1092031,13449
1527598546,1583270,1092031,14017
1527598546,1583270,1092031,18011
1527598546,1583270,1092031,19618
1527598546,1583270,1092031,20825
1527598546,1583270,1092031,22226
1527598546,1583270,1092031,30650
1527598546,1583270,1092031,31173
1527598725,1583271,6361368,14984
1527598725,1583271,6361368,15205
1527598725,1583271,6361368,18572
1527598725,1583271,6361368,20940
1527598725,1583271,6361368,21658
1527598725,1583271,6361368,23088
1527598725,1583271,6361368,31787
1527598725,1583271,6361368,31868
1527599487,1583272,88812,15493
1527599487,1583272,88812,16789
1527599487,1583272,88812,19261
1527599487,1583272,88812,22351
1527599487,1583272,88812,22367
1527599487,1583272,88812,24094
1527599487,1583272,88812,315
1527599487,1583272,88812,32447
1527601482,1583273,398712,1347
1527601482,1583273,398712,16310
1527601482,1583273,398712,18510
1527601482,1583273,398712,20323
1527601482,1583273,398712,22955
1527601482,1583273,398712,23569
1527601482,1583273,398712,25090
1527601482,1583273,398712,570
1527601896,1583274,10140,1553
1527601896,1583274,10140,18142
1527601896,1583274,10140,20408
1527601896,1583274,10140,21031
1527601896,1583274,10140,23559
1527601896,1583274,10140,25117
1527601896,1583274,10140,2539
1527601896,1583274,10140,26066
1527602120,1583275,17444,18805
1527602120,1583275,17444,21818
1527602120,1583275,17444,22563
1527602120,1583275,17444,2340
1527602120,1583275,17444,24486
1527602120,1583275,17444,26815
1527602120,1583275,17444,27111
1527602120,1583275,17444,3721
1527603333,1583276,11525,19722
1527603333,1583276,11525,23520
1527603333,1583276,11525,23921
1527603333,1583276,11525,25192
1527603333,1583276,11525,28209
1527603333,1583276,11525,28431
1527603333,1583276,11525,3114
1527603333,1583276,11525,4848
1527604161,1583277,61625,20539
1527604161,1583277,61625,24738
1527604161,1583277,61625,25636
1527604161,1583277,61625,25786
1527604161,1583277,61625,29283
1527604161,1583277,61625,30237
1527604161,1583277,61625,4039
1527604161,1583277,61625,6245
1527605444,1583278,8416858,21198
1527605444,1583278,8416858,25613
1527605444,1583278,8416858,26491
1527605444,1583278,8416858,26890
1527605444,1583278,8416858,30122
1527605444,1583278,8416858,31635
1527605444,1583278,8416858,5067
1527605444,1583278,8416858,7476
1527606007,1583279,208676,212
1527606007,1583279,208676,22015
1527606007,1583279,208676,26400
1527606007,1583279,208676,27219
1527606007,1583279,208676,28451
1527606007,1583279,208676,31190
1527606007,1583279,208676,5740
1527606007,1583279,208676,8427
1527611204,1583280,596963,1411
1527611204,1583280,596963,22831
1527611204,1583280,596963,27337
1527611204,1583280,596963,30521
1527611204,1583280,596963,3628
1527612086,1583281,4009756292,23442
1527612086,1583281,4009756292,2704
1527612086,1583281,4009756292,28392
1527612086,1583281,4009756292,32183
1527612086,1583281,4009756292,5333
1527612686,1583282,4026545600,1153
1527612686,1583282,4026545600,24255
1527612686,1583282,4026545600,29933
1527612686,1583282,4026545600,3974
1527612686,1583282,4026545600,6714
1527613539,1583283,1574121,27976
1527613539,1583283,1574121,29439
1527613539,1583283,1574121,30799
1527613539,1583283,1574121,5140
1527614638,1583284,3221228287,30265
1527614638,1583284,3221228287,6394
1527615972,1583285,798092,7566
1527619883,1583283,205929,4657
1527622694,1583284,520144,6388
1527625609,1583285,103094,8435
1527628426,1583286,6317999,10071
1527643873,1583287,588254,12295
1527647704,1583288,905553,15107
1527735035,1584464,1558,1167
1527735035,1584464,1558,12541
1527735035,1584464,1558,13933
1527735035,1584464,1558,22230
1527735035,1584464,1558,30109
1527735064,1584465,3389318387,12865
1527735064,1584465,3389318387,14527
1527735064,1584465,3389318387,1739
1527735064,1584465,3389318387,23340
1527735064,1584465,3389318387,30364
1527740683,1584466,3288352863,13730
1527740683,1584466,3288352863,15650
1527740683,1584466,3288352863,25166
1527740683,1584466,3288352863,2754
1527740683,1584466,3288352863,31023
1528076183,1587293,1932736119,13283
1528076183,1587293,1932736119,1788
1528076183,1587293,1932736119,21324
1528076183,1587293,1932736119,25676
1528076183,1587293,1932736119,26612
1528076183,1587293,1932736119,28928
1528076183,1587293,1932736119,30202
1528076183,1587293,1932736119,31374
1528076213,1587294,2147486095,13842
1528076213,1587294,2147486095,22118
1528076213,1587294,2147486095,2285
1528076213,1587294,2147486095,26169
1528076213,1587294,2147486095,28124
1528076213,1587294,2147486095,29849
1528076213,1587294,2147486095,30666
1528076213,1587294,2147486095,31985
1528077835,1587295,254667,14403
1528077835,1587295,254667,23391
1528077835,1587295,254667,236
1528077835,1587295,254667,26969
1528077835,1587295,254667,30169
1528077835,1587295,254667,31348
1528077835,1587295,254667,31440
1528077835,1587295,254667,3222
1528078679,1587296,318556,1408
1528078679,1587296,318556,15422
1528078679,1587296,318556,24612
1528078679,1587296,318556,28151
1528078679,1587296,318556,314
1528078679,1587296,318556,32180
1528078679,1587296,318556,32246
1528078679,1587296,318556,4244
1528082981,1587297,1449580,1261
1528082981,1587297,1449580,15830
1528082981,1587297,1449580,1973
1528082981,1587297,1449580,2172
1528082981,1587297,1449580,25618
1528082981,1587297,1449580,275
1528082981,1587297,1449580,29000
1528082981,1587297,1449580,5828
1528085351,1587298,223170,16542
1528085351,1587298,223170,26644
1528085351,1587298,223170,30356
1528085351,1587298,223170,3090
1528085351,1587298,223170,3344
1528085351,1587298,223170,3756
1528085351,1587298,223170,7451
1528085351,1587298,223170,990
1528385998,1589926,214749833,10970
1528385998,1589926,214749833,23549
1528385998,1589926,214749833,24895
1528385998,1589926,214749833,27994
1528385998,1589926,214749833,28684
1528385998,1589926,214749833,3294
1528385998,1589926,214749833,5459
1528385998,1589926,214749833,5796
1528385998,1589926,214749833,9530
1528388536,1589927,640110,10343
1528388536,1589927,640110,11796
1528388536,1589927,640110,16374
1528388536,1589927,640110,24829
1528388536,1589927,640110,25143
1528388536,1589927,640110,29369
1528388536,1589927,640110,3624
1528388536,1589927,640110,5776
1528388536,1589927,640110,6616
1528388884,1589928,495813,10853
1528388884,1589928,495813,12655
1528388884,1589928,495813,25385
1528388884,1589928,495813,26171
1528388884,1589928,495813,30489
1528388884,1589928,495813,32691
1528388884,1589928,495813,3892
1528388884,1589928,495813,6063
1528388884,1589928,495813,7360
1528392960,1589929,35740,20913
1528392960,1589929,35740,6707
1528392962,1589929,2865252,31560
1528392962,1589929,2865252,4950
1528392962,1589929,2865252,8617
1528473580,1590614,26390,1510
1528578526,1591490,182,12592
1528578526,1591490,182,20182
1528578526,1591490,182,21329
1528578526,1591490,182,3612
1528578526,1591490,182,3912
1528578526,1591490,182,6155
1528578526,1591490,182,857
1528620265,1591844,798253,31349
1528620301,1591845,21689,31816
1528648369,1592057,6344397,29171
1528648738,1592056,2386092948,13395
1528679479,1592321,107367,20047
1528687459,1592393,300727,19296
1528736759,1592780,518482,25941
1528736759,1592780,518482,27233
1528736759,1592780,518482,28613
1528736759,1592780,699007682,19665
1528737044,1592781,1431660410,29074
1528818037,1593453,955289,14049
1528818119,1593454,4396331,4103
1528869944,1593865,2112836,25894
1528869944,1593865,2112836,26258
1528869944,1593865,2112836,30454
1528869944,1593865,2112836,365
1528869944,1593865,2112836,4952
1528869944,1593865,2112836,7249
1528869945,1593865,442922,29535
1528870118,1593866,84488,20322
1528870118,1593866,84488,22380
1528870118,1593866,84488,22468
1528870118,1593866,84488,22520
1528870118,1593866,84488,24029
1528870118,1593866,84488,27833
1528870118,1593866,84488,29998
1528907671,1594175,4118,22429
1528907671,1594175,4118,29486
1528907671,1594175,4118,8045
1528907671,1594175,4118,804
1529062959,1595491,725860,4741
1529191676,1596549,2141695,10279
1529191676,1596549,2141695,14673
1529191676,1596549,2141695,15800
1529191676,1596549,2141695,16888
1529191676,1596549,2141695,2347
1529191676,1596549,2141695,27877
1529191676,1596549,2141695,31022
1529193858,1596550,11973599,12265
1529193858,1596550,11973599,16819
1529193858,1596550,11973599,18027
1529193858,1596550,11973599,19128
1529193858,1596550,11973599,29340
1529193858,1596550,11973599,5047
1529193858,1596550,11973599,9200
1529194626,1596551,174310,14100
1529194626,1596551,174310,17789
1529194626,1596551,174310,20865
1529194626,1596551,174310,21267
1529194626,1596551,174310,29496
1529194626,1596551,174310,30611
1529194626,1596551,174310,6984
1529197564,1596552,10088,15782
1529197564,1596552,10088,18961
1529197564,1596552,10088,20073
1529197564,1596552,10088,22778
1529197564,1596552,10088,23560
1529197564,1596552,10088,31930
1529197564,1596552,10088,8920
1529263701,1597199,6530086,16335
1529263885,1597200,70371,21186
1529267807,1597231,41918,3840
1529267833,1597232,16504,339
1529267833,1597232,362895,13248
1529372206,1598110,42148,15160
1529372206,1598110,42148,25174
1529372206,1598110,42148,29255
1529372206,1598110,42148,30437
1529372206,1598110,42148,7877
1529372206,1598110,42148,8403
1529372206,1598110,42148,9891
1529372991,1598111,16517,10603
1529372991,1598111,16517,15670
1529372991,1598111,16517,22604
1529372991,1598111,16517,26199
1529372991,1598111,16517,29764
1529372991,1598111,16517,8246
1529372991,1598111,16517,8658
1529602173,1599986,2987806005,10954
1529602173,1599986,2987806005,13998
1529602173,1599986,2987806005,15079
1529602173,1599986,2987806005,21970
1529602173,1599986,2987806005,3146
1529602173,1599986,2987806005,5720
1529602174,1599986,2193384,15797
1529602233,1599987,1867610181,16960
1529602233,1599987,1867610181,8201
1529602241,1599987,7036,22012
1529602241,1599987,7036,9770
1529818175,1601812,991920,2560
1529835688,1601963,2880602,14993
1529848339,1602053,4252962,14279
1529848339,1602053,4252962,16304
1529848339,1602053,4252962,18827
1529848339,1602053,4252962,4161
1529848339,1602053,4252962,7217
1529848339,1602053,4252962,9866
1529951198,1602963,1029009871,10478
1530108911,1604268,3395710279,9631
1530108969,1604268,1287652008,13486
1530108986,1604269,122708,9905
1530233892,1605269,37,24741
1530269899,1605586,10505168,28687
1530270410,1605587,774304594,451
1530552467,1607956,278898,4093
